[(0, 0.21555624541220023), (1, 0.1656812265132988), (2, 0.06825310536734124), (3, 0.12615620917453993), (4, 0.12615620917453993), (5, 0.1656812265132988), (6, 0.14074371706384806), (7, 0.22884357082691553), (8, 0.10443295367030103), (9, 0.06593118871549596), (10, 0.10777812270610011), (11, 0.1656812265132988), (12, 0.1656812265132988), (13, 0.1656812265132988), (14, 0.1656812265132988), (15, 0.1012186997250892), (16, 0.18173739632989333), (17, 0.10777812270610011), (18, 0.1656812265132988), (19, 0.1656812265132988), (20, 0.1656812265132988), (21, 0.23161241522879472), (22, 0.1656812265132988), (23, 0.1656812265132988), (24, 0.1656812265132988), (25, 0.1656812265132988), (26, 0.08663119183578107), (27, 0.07340147607503258), (28, 0.1656812265132988), (29, 0.21555624541220023), (30, 0.1656812265132988), (31, 0.07628119027563851), (32, 0.1656812265132988), (33, 0.12615620917453993), (34, 0.1656812265132988), (35, 0.3313624530265976), (36, 0.14074371706384806), (37, 0.06825310536734124), (38, 0.1656812265132988)]
[(7, 0.06379085865904054), (8, 0.058222022693108264), (9, 0.16540671922037045), (15, 0.2539352523662879), (29, 0.09013046292589474), (39, 0.10549930958515144), (40, 0.11769824946262314), (41, 0.1385524749256786), (42, 0.1385524749256786), (43, 0.1385524749256786), (44, 0.07598979853651228), (45, 0.1385524749256786), (46, 0.1385524749256786), (47, 0.1385524749256786), (48, 0.1385524749256786), (49, 0.1385524749256786), (50, 0.1385524749256786), (51, 0.1385524749256786), (52, 0.1385524749256786), (53, 0.10549930958515144), (54, 0.10549930958515144), (55, 0.10549930958515144), (56, 0.1936880479991354), (57, 0.1385524749256786), (58, 0.11769824946262314), (59, 0.1385524749256786), (60, 0.1385524749256786), (61, 0.1385524749256786), (62, 0.07244614424462426), (63, 0.10549930958515144), (64, 0.1936880479991354), (65, 0.1385524749256786), (66, 0.10549930958515144), (67, 0.11769824946262314), (68, 0.1385524749256786), (69, 0.1385524749256786), (70, 0.1385524749256786), (71, 0.1385524749256786), (72, 0.1385524749256786), (73, 0.1385524749256786), (74, 0.0968440239995677), (75, 0.1385524749256786), (76, 0.1385524749256786), (77, 0.1385524749256786), (78, 0.1385524749256786), (79, 0.2771049498513572), (80, 0.10549930958515144), (81, 0.10549930958515144), (82, 0.1385524749256786), (83, 0.1385524749256786), (84, 0.1385524749256786), (85, 0.1385524749256786), (86, 0.11769824946262314)]
[(8, 0.09282957997196328), (26, 0.11550861391857467), (31, 0.10170856905097801), (37, 0.09100442265142404), (74, 0.15440875556765477), (87, 0.2209089869519282), (88, 0.2209089869519282), (89, 0.2209089869519282), (90, 0.2209089869519282), (91, 0.2209089869519282), (92, 0.08500037459304459), (93, 0.2209089869519282), (94, 0.16820880043525144), (95, 0.2209089869519282), (96, 0.2209089869519282), (97, 0.2209089869519282), (98, 0.16820880043525144), (99, 0.2209089869519282), (100, 0.2209089869519282), (101, 0.15440875556765477), (102, 0.18765887125979147), (103, 0.2209089869519282), (104, 0.2209089869519282), (105, 0.2209089869519282), (106, 0.18765887125979147), (107, 0.18765887125979147), (108, 0.15440875556765477), (109, 0.18765887125979147)]
[(9, 0.131812754284379), (39, 0.12610873340331571), (56, 0.11576262681044787), (110, 0.16561887647870627), (111, 0.16561887647870627), (112, 0.16561887647870627), (113, 0.16561887647870627), (114, 0.16561887647870627), (115, 0.16561887647870627), (116, 0.10118060856918651), (117, 0.16561887647870627), (118, 0.16561887647870627), (119, 0.16561887647870627), (120, 0.16561887647870627), (121, 0.14069075164457706), (122, 0.12610873340331571), (123, 0.16561887647870627), (124, 0.06822741999809176), (125, 0.16561887647870627), (126, 0.16561887647870627), (127, 0.16561887647870627), (128, 0.16561887647870627), (129, 0.16561887647870627), (130, 0.16561887647870627), (131, 0.10118060856918651), (132, 0.12610873340331571), (133, 0.33123775295741253), (134, 0.16561887647870627), (135, 0.11576262681044787), (136, 0.10773756307348233), (137, 0.16561887647870627), (138, 0.16561887647870627), (139, 0.2813815032891541), (140, 0.16561887647870627), (141, 0.12610873340331571), (142, 0.12610873340331571), (143, 0.16561887647870627), (144, 0.16561887647870627)]
[(2, 0.12127317111807838), (8, 0.06185269467551028), (27, 0.13042087565771546), (37, 0.12127317111807838), (92, 0.11327213197766223), (145, 0.2943849605942565), (146, 0.25007560888864133), (147, 0.2241562997095915), (148, 0.2943849605942565), (149, 0.2943849605942565), (150, 0.2943849605942565), (151, 0.25007560888864133), (152, 0.15392763882492647), (153, 0.2943849605942565), (154, 0.20576625718302619), (155, 0.17984694800397633), (156, 0.2943849605942565), (157, 0.141099788302531), (158, 0.19150183200274343), (159, 0.2943849605942565)]
[(2, 0.14427583694821014), (9, 0.1393676871070271), (152, 0.18312408850350811), (160, 0.2666734731981798), (161, 0.35022285789285146), (162, 0.2975090651963953), (163, 0.17511142894642573), (164, 0.35022285789285146), (165, 0.35022285789285146), (166, 0.35022285789285146), (167, 0.35022285789285146), (168, 0.35022285789285146)]
[(8, 0.14048196196099444), (37, 0.27543978643576383), (169, 0.5679803015789434), (170, 0.5679803015789434), (171, 0.509111477427484)]
[(8, 0.23013796639089423), (16, 0.600739613387453), (172, 0.7656033132977922)]
[(7, 0.24699415482920312), (8, 0.11271598775926597), (31, 0.24699415482920312), (116, 0.3277403918472094), (173, 0.5364663866130982), (174, 0.34897943032455536), (175, 0.3749739125770855), (176, 0.4557201495950918)]
[(4, 0.2944732976872917), (9, 0.15389630592525327), (62, 0.2022141669394043), (177, 0.38673242843517897), (178, 0.38673242843517897), (179, 0.2944732976872917), (180, 0.3285233978076975), (181, 0.38673242843517897), (182, 0.38673242843517897), (183, 0.23626426705981018)]
[(26, 0.30955333116286654), (184, 0.5920174303449682), (185, 0.5920174303449682), (186, 0.4507853807539174)]
[(187, 0.9037647496686882), (188, 0.4280295284864039)]
[(188, 0.2248063466073316), (189, 0.5295544493182878), (190, 0.5295544493182878), (191, 0.6233829296182838)]
[(7, 0.1187621336020676), (8, 0.10839439667397534), (27, 0.11427870850877359), (31, 0.2375242672041352), (188, 0.09302238995023819), (192, 0.21912379800563372), (193, 0.2579489896188843), (194, 0.2579489896188843), (195, 0.21912379800563372), (196, 0.2579489896188843), (197, 0.2579489896188843), (198, 0.2579489896188843), (199, 0.21912379800563372), (200, 0.2579489896188843), (201, 0.2579489896188843), (202, 0.21912379800563372), (203, 0.2579489896188843), (204, 0.2579489896188843), (205, 0.19641251682856867), (206, 0.2579489896188843)]
[(8, 0.11000184340114591), (174, 0.3405761809653048), (175, 0.36594472914450155), (207, 0.7973009521215784), (208, 0.31984856786426213)]
[(94, 0.2675786490606157), (131, 0.2146859287333231), (209, 0.351411627340506), (210, 0.351411627340506), (211, 0.351411627340506), (212, 0.351411627340506), (213, 0.29851890701321343), (214, 0.22859853399754554), (215, 0.351411627340506), (216, 0.351411627340506)]
[(0, 0.06804041455136385), (8, 0.021976202226516375), (9, 0.04162241185346463), (64, 0.07310855093655232), (98, 0.07964251515004762), (116, 0.06389944560850376), (131, 0.06389944560850376), (141, 0.07964251515004762), (217, 0.10459469001964002), (218, 0.10459469001964002), (219, 0.08885162047809615), (220, 0.07964251515004762), (221, 0.10459469001964002), (222, 0.10459469001964002), (223, 0.10459469001964002), (224, 0.10459469001964002), (225, 0.10459469001964002), (226, 0.10459469001964002), (227, 0.10459469001964002), (228, 0.10459469001964002), (229, 0.10459469001964002), (230, 0.10459469001964002), (231, 0.10459469001964002), (232, 0.1777032409561923), (233, 0.10459469001964002), (234, 0.07310855093655232), (235, 0.10459469001964002), (236, 0.10459469001964002), (237, 0.10459469001964002), (238, 0.10459469001964002), (239, 0.10459469001964002), (240, 0.10459469001964002), (241, 0.10459469001964002), (242, 0.10459469001964002), (243, 0.10459469001964002), (244, 0.1360808291027277), (245, 0.10459469001964002), (246, 0.10459469001964002), (247, 0.20918938003928003), (248, 0.08885162047809615), (249, 0.10459469001964002), (250, 0.07964251515004762), (251, 0.10459469001964002), (252, 0.10459469001964002), (253, 0.10459469001964002), (254, 0.10459469001964002), (255, 0.10459469001964002), (256, 0.10459469001964002), (257, 0.10459469001964002), (258, 0.10459469001964002), (259, 0.10459469001964002), (260, 0.10459469001964002), (261, 0.10459469001964002), (262, 0.10459469001964002), (263, 0.10459469001964002), (264, 0.10459469001964002), (265, 0.10459469001964002), (266, 0.10459469001964002), (267, 0.10459469001964002), (268, 0.10459469001964002), (269, 0.15928503030009525), (270, 0.10459469001964002), (271, 0.10459469001964002), (272, 0.10459469001964002), (273, 0.10459469001964002), (274, 0.08885162047809615), (275, 0.08885162047809615), (276, 0.10459469001964002), (277, 0.07964251515004762), (278, 0.10459469001964002), (279, 0.10459469001964002), (280, 0.08885162047809615), (281, 0.10459469001964002), (282, 0.10459469001964002), (283, 0.10459469001964002), (284, 0.10459469001964002), (285, 0.10459469001964002), (286, 0.10459469001964002), (287, 0.20918938003928003), (288, 0.10459469001964002), (289, 0.10459469001964002), (290, 0.10459469001964002), (291, 0.10459469001964002), (292, 0.10459469001964002), (293, 0.06039830625389175), (294, 0.10459469001964002), (295, 0.15928503030009525), (296, 0.10459469001964002), (297, 0.10459469001964002)]
[(124, 0.21346868982977096), (298, 0.3621959657447135), (299, 0.3165720167646268), (300, 0.5181852776197154), (301, 0.6741745894947172)]
[(8, 0.09544776706161075), (299, 0.27753018182766076), (302, 0.27753018182766076), (303, 0.45427911092072804), (304, 0.385903291525376), (305, 0.45427911092072804), (306, 0.2623239177914648), (307, 0.45427911092072804)]
[(3, 0.23247654499424544), (92, 0.11747657291102367), (308, 0.915935870986696), (309, 0.3053119569955653)]
[(8, 0.08648657254547548), (44, 0.2257598386262205), (108, 0.28771613625940934), (186, 0.3134303230936639), (310, 0.4116287315257872), (311, 0.4116287315257872), (312, 0.28771613625940934), (313, 0.4116287315257872), (314, 0.4116287315257872)]
[(315, 0.42095783071954473), (316, 0.2942368967633212), (317, 0.32053386653105653), (318, 0.3575973637414329), (319, 0.42095783071954473), (320, 0.32053386653105653), (321, 0.42095783071954473), (322, 0.22010990234256825)]
[(8, 0.06468941176637476), (80, 0.23443666032681296), (94, 0.23443666032681296), (108, 0.21520320510480226), (299, 0.1880951724963636), (323, 0.307886180765701), (324, 0.13144768897896708), (325, 0.307886180765701), (326, 0.307886180765701), (327, 0.307886180765701), (328, 0.307886180765701), (329, 0.307886180765701), (330, 0.23443666032681296), (331, 0.307886180765701), (332, 0.2615446929352516)]
[(8, 0.05329847962568228), (9, 0.10094607099432845), (174, 0.1650171677212355), (175, 0.17730882581037596), (299, 0.15497415180080013), (302, 0.15497415180080013), (304, 0.21549020321839973), (333, 0.25367158062642353), (334, 0.25367158062642353), (335, 0.2018921419886569), (336, 0.25367158062642353), (337, 0.19315552920882392), (338, 0.21549020321839973), (339, 0.21549020321839973), (340, 0.25367158062642353), (341, 0.25367158062642353), (342, 0.25367158062642353), (343, 0.25367158062642353), (344, 0.21549020321839973), (345, 0.19315552920882392), (346, 0.25367158062642353), (347, 0.25367158062642353)]
[(8, 0.11606190397464768), (26, 0.28883357354221006), (37, 0.2275599343706574), (74, 0.38610482061753476), (277, 0.4206123446794249), (348, 0.46924796821708714), (349, 0.5523911158166396)]
[(350, 0.3053583240350861), (351, 0.3053583240350861), (352, 0.3053583240350861), (353, 0.3053583240350861), (354, 0.3053583240350861), (355, 0.3053583240350861), (356, 0.23251185068372934), (357, 0.1986401694976643), (358, 0.3053583240350861), (359, 0.2593973165549648), (360, 0.3053583240350861), (361, 0.3053583240350861)]
[(8, 0.13610335522194372), (10, 0.21069447340539296), (92, 0.12462445893571304), (157, 0.15524105061088034), (250, 0.24662162776143695), (324, 0.1382797510264834), (356, 0.24662162776143695), (362, 0.32388872525243345), (363, 0.22638850369408098), (364, 0.24662162776143695), (365, 0.32388872525243345), (366, 0.32388872525243345), (367, 0.32388872525243345), (368, 0.21069447340539296), (369, 0.32388872525243345), (370, 0.2751386144732572)]
[(62, 0.5521971592287719), (163, 0.5280355763291884), (183, 0.645179608690771)]
[(157, 0.6920084546273085), (163, 0.7218893950767834)]
[(2, 0.13600547849015632), (8, 0.13873316344729908), (16, 0.18107074699658582), (40, 0.2804548815871335), (116, 0.20169481834081227), (163, 0.16507347444120368), (205, 0.2513868856360862), (371, 0.2804548815871335), (372, 0.33014694888240737), (373, 0.33014694888240737), (374, 0.2804548815871335), (375, 0.33014694888240737), (376, 0.2513868856360862), (377, 0.2513868856360862), (378, 0.33014694888240737)]
[(2, 0.25009039714127423), (293, 0.3505605359897379), (379, 0.4243326409521532), (380, 0.5157077015938863), (381, 0.6070827622356195)]
[(8, 0.14529391099078873), (324, 0.5904690829908661), (335, 0.2751832614537182), (382, 0.5265501467460725), (383, 0.5265501467460725)]
[(8, 0.141438556303865), (16, 0.3692035041612553), (175, 0.47052569826905305), (208, 0.41125601422520125), (384, 0.6731700864846488)]
[(7, 0.21849833075049518), (8, 0.09971189476659212), (15, 0.2899288389542959), (44, 0.2602824994571735), (124, 0.19550284332760948), (188, 0.17114240297039282), (385, 0.4745740240685757), (386, 0.4745740240685757), (387, 0.40314351586477487), (388, 0.33171300766097417)]
[(8, 0.05572821651767748), (31, 0.12211704845563093), (37, 0.10926504614405254), (44, 0.14546990125366144), (53, 0.20196097954263406), (124, 0.10926504614405254), (188, 0.09565018206117902), (322, 0.13868616120110197), (330, 0.20196097954263406), (389, 0.22531383234066452), (390, 0.22531383234066452), (391, 0.2652357978841661), (392, 0.18539186679716296), (393, 0.18539186679716296), (394, 0.18539186679716296), (395, 0.2652357978841661), (396, 0.17253986448558462), (397, 0.2652357978841661), (398, 0.2652357978841661), (399, 0.2652357978841661), (400, 0.2652357978841661), (401, 0.2652357978841661), (402, 0.2652357978841661), (403, 0.17253986448558462)]
[(0, 0.1928045731807604), (8, 0.12454692753874866), (26, 0.1549747717501576), (29, 0.3856091463615208), (157, 0.14205965642759708), (396, 0.1928045731807604), (404, 0.2963875910983321), (405, 0.2963875910983321), (406, 0.2517768134667377), (407, 0.2963875910983321), (408, 0.2963875910983321), (409, 0.2517768134667377), (410, 0.2963875910983321), (411, 0.2963875910983321), (412, 0.2517768134667377)]
[(2, 0.27171433024576025), (124, 0.27171433024576025), (188, 0.23785763218709755), (324, 0.2815958095497361), (335, 0.2624708236749295), (413, 0.6595738502163146), (414, 0.46102233694562206)]
[(8, 0.23579110162160846), (37, 0.23115512400140734), (163, 0.28055913539219174), (415, 0.5611182707843835), (416, 0.4272575440829974), (417, 0.5611182707843835)]
[(244, 0.417893285631969), (418, 0.6424037678219663), (419, 0.6424037678219663)]
[(8, 0.10420406213298453), (124, 0.20431053367276839), (188, 0.17885261968454919), (420, 0.4959542811467177), (421, 0.4959542811467177), (422, 0.4959542811467177), (423, 0.42130572359515295)]
[(8, 0.05392960089974039), (16, 0.14077489300318916), (31, 0.11817574826169765), (33, 0.19544273448262878), (107, 0.21804187922412024), (136, 0.16697117927775848), (188, 0.09256309401020595), (277, 0.19544273448262878), (306, 0.1482174452946418), (344, 0.21804187922412024), (390, 0.21804187922412024), (416, 0.19544273448262878), (424, 0.25667537233458587), (425, 0.25667537233458587), (426, 0.25667537233458587), (427, 0.19544273448262878), (428, 0.19544273448262878), (429, 0.25667537233458587), (430, 0.19544273448262878), (431, 0.21804187922412024), (432, 0.21804187922412024), (433, 0.17940838611365467), (434, 0.19544273448262878), (435, 0.25667537233458587), (436, 0.19544273448262878)]
[(293, 0.2558147121404649), (322, 0.2316388409452665), (394, 0.30964846653519484), (437, 0.44300680231527684), (438, 0.44300680231527684), (439, 0.44300680231527684), (440, 0.44300680231527684)]
[(7, 0.28139293752529093), (8, 0.2568278016423286), (37, 0.2517782135430711), (171, 0.46537640745252135), (188, 0.22040563578477945), (207, 0.46537640745252135), (324, 0.2609346728437918), (335, 0.24321291789166993), (441, 0.42719638781890024)]
[(2, 0.3808997442043981), (442, 0.9246163446884466)]
[(124, 0.20122869498529602), (155, 0.29842022196889345), (188, 0.1761547904890049), (274, 0.41495070971070663), (299, 0.29842022196889345), (368, 0.3177591827271093), (443, 0.48847326162521065), (444, 0.48847326162521065)]
[(21, 0.44119128667873575), (124, 0.2600264355180638), (188, 0.2276260961372049), (445, 0.6312020314775053), (446, 0.5361966590781205)]
[(2, 0.4129428574285437), (16, 0.2748855137732662), (92, 0.19284940525030167), (152, 0.2620666979661361), (447, 0.5011997529668776), (448, 0.3816332254665069), (449, 0.5011997529668776)]
[(7, 0.3031351865384001), (302, 0.40223480141654605), (412, 0.5593039748343159), (450, 0.658403589712462)]
[(7, 0.24465128079890885), (9, 0.2114564508701963), (27, 0.2354153765744562), (44, 0.2914367658691804), (124, 0.21890337036279475), (163, 0.2656888554330663), (208, 0.32463159579789286), (382, 0.40461191079687703), (383, 0.40461191079687703), (451, 0.45139739586714844)]
[(324, 0.15831523484273372), (335, 0.14756302714839584), (392, 0.25919014795708795), (452, 0.31500370836143404), (453, 0.37081726876578014), (454, 0.37081726876578014), (455, 0.31500370836143404), (456, 0.37081726876578014), (457, 0.37081726876578014), (458, 0.37081726876578014)]
[(62, 0.24972670309448916), (92, 0.18376866095788347), (155, 0.29177726449582914), (183, 0.29177726449582914), (207, 0.36366317401908754), (301, 0.3106857319951013), (368, 0.3106857319951013), (459, 0.4057137354204275), (460, 0.33382782589716914), (461, 0.36366317401908754)]
[(4, 0.26422984499336893), (17, 0.22573757441386738), (250, 0.26422984499336893), (462, 0.6940272712118744), (463, 0.3470136356059372), (464, 0.2947828789950383), (465, 0.3470136356059372)]
[(8, 0.11332604269567878), (9, 0.10731843414490125), (27, 0.11947807448594511), (179, 0.2053487445022537), (302, 0.16475711377742006), (306, 0.15572984273452936), (466, 0.26968495704423573), (467, 0.26968495704423573), (468, 0.26968495704423573), (469, 0.22909332631940205), (470, 0.26968495704423573), (471, 0.26968495704423573), (472, 0.26968495704423573), (473, 0.26968495704423573), (474, 0.26968495704423573), (475, 0.18850169559456845), (476, 0.26968495704423573), (477, 0.22909332631940205), (478, 0.26968495704423573)]
[(158, 0.34127421869310737), (460, 0.3666947617113984), (479, 0.5246215995488066), (480, 0.4456581806301025), (481, 0.5246215995488066)]
[(0, 0.07677664433026186), (8, 0.12398947546104686), (10, 0.07677664433026186), (31, 0.05433954190176529), (37, 0.048620668681656806), (44, 0.064731074772832), (63, 0.089868427456842), (67, 0.10025996032790868), (92, 0.045412903356741086), (102, 0.20051992065581736), (109, 0.10025996032790868), (160, 0.089868427456842), (195, 0.10025996032790868), (269, 0.179736854913684), (332, 0.10025996032790868), (363, 0.16499103510074067), (409, 0.10025996032790868), (431, 0.10025996032790868), (460, 0.08249551755037034), (482, 0.11802440310544704), (483, 0.11802440310544704), (484, 0.11802440310544704), (485, 0.10025996032790868), (486, 0.11802440310544704), (487, 0.10025996032790868), (488, 0.10025996032790868), (489, 0.089868427456842), (490, 0.11802440310544704), (491, 0.11802440310544704), (492, 0.11802440310544704), (493, 0.11802440310544704), (494, 0.10025996032790868), (495, 0.11802440310544704), (496, 0.089868427456842), (497, 0.11802440310544704), (498, 0.11802440310544704), (499, 0.11802440310544704), (500, 0.23604880621089408), (501, 0.11802440310544704), (502, 0.11802440310544704), (503, 0.11802440310544704), (504, 0.11802440310544704), (505, 0.11802440310544704), (506, 0.11802440310544704), (507, 0.11802440310544704), (508, 0.30077988098372604), (509, 0.11802440310544704), (510, 0.11802440310544704), (511, 0.11802440310544704), (512, 0.20051992065581736), (513, 0.10025996032790868), (514, 0.11802440310544704), (515, 0.11802440310544704), (516, 0.11802440310544704), (517, 0.11802440310544704), (518, 0.10025996032790868), (519, 0.11802440310544704), (520, 0.11802440310544704), (521, 0.11802440310544704), (522, 0.11802440310544704), (523, 0.11802440310544704), (524, 0.11802440310544704), (525, 0.11802440310544704), (526, 0.23604880621089408)]
[(306, 0.2246056028390671), (322, 0.20337916094085595), (357, 0.2530246173375831), (527, 0.3889604669851626), (528, 0.3889604669851626), (529, 0.3889604669851626), (530, 0.3889604669851626), (531, 0.2961698139630093), (532, 0.3889604669851626)]
[(15, 0.1408561069450747), (162, 0.19585918527343782), (322, 0.12055610727209728), (533, 0.23056226392882356), (534, 0.23056226392882356), (535, 0.23056226392882356), (536, 0.19585918527343782), (537, 0.23056226392882356), (538, 0.23056226392882356), (539, 0.23056226392882356), (540, 0.23056226392882356), (541, 0.23056226392882356), (542, 0.23056226392882356), (543, 0.23056226392882356), (544, 0.23056226392882356), (545, 0.23056226392882356), (546, 0.19585918527343782), (547, 0.23056226392882356), (548, 0.23056226392882356), (549, 0.23056226392882356), (550, 0.23056226392882356)]
[(27, 0.1408087848074499), (124, 0.13093247356886878), (188, 0.11461776090838628), (301, 0.20675478612393072), (320, 0.242010153741633), (392, 0.22215536034552838), (396, 0.20675478612393072), (475, 0.22215536034552838), (551, 0.3178324662966949), (552, 0.3178324662966949), (553, 0.3178324662966949), (554, 0.3178324662966949), (555, 0.3178324662966949), (556, 0.3178324662966949), (557, 0.3178324662966949)]
[(21, 0.5506195622926738), (135, 0.2753097811463369), (558, 0.39387925009438046), (559, 0.39387925009438046), (560, 0.39387925009438046), (561, 0.2999151690878452), (562, 0.256224359521212)]
[(563, 0.9938837346736189), (564, 0.11043152607484655)]
[(31, 0.1344052869454409), (151, 0.24798642508565794), (157, 0.13992101123732228), (158, 0.18990198575048484), (403, 0.18990198575048484), (561, 0.2222836512223154), (562, 0.18990198575048484), (565, 0.2919256072240952), (566, 0.2919256072240952), (567, 0.2919256072240952), (568, 0.2919256072240952), (569, 0.2919256072240952), (570, 0.24798642508565794), (571, 0.2919256072240952), (572, 0.2919256072240952), (573, 0.2919256072240952)]
[(54, 0.3805789133516077), (562, 0.32513723336292055), (574, 0.49981512255140076), (575, 0.49981512255140076), (576, 0.49981512255140076)]
[(8, 0.09022208531453865), (26, 0.22452817351265117), (37, 0.17689638985627018), (62, 0.22452817351265117), (163, 0.21470386350498152), (180, 0.3647754239100184), (183, 0.2623356471613625), (324, 0.18332960967847003), (335, 0.17087851461018466), (441, 0.3001431208100738), (475, 0.3001431208100738), (577, 0.42940772700996305), (578, 0.42940772700996305)]
[(7, 0.2776937805151045), (27, 0.2672104789268664), (324, 0.2575044576694537), (335, 0.24001567073223823), (579, 0.6031453623705558), (580, 0.6031453623705558)]
[(2, 0.16385395338975398), (3, 0.3028608516295316), (26, 0.20797388181477636), (157, 0.19064198554943673), (388, 0.2780137964795551), (496, 0.3028608516295316), (581, 0.3977478214442867), (582, 0.3977478214442867), (583, 0.3977478214442867), (584, 0.3977478214442867)]
[(31, 0.25419585937248146), (81, 0.21019851611137097), (92, 0.10621889319783936), (101, 0.1929535863221252), (293, 0.15940775258402412), (357, 0.17957737958619283), (416, 0.21019851611137097), (488, 0.2345038795346903), (585, 0.27605417274725547), (586, 0.27605417274725547), (587, 0.27605417274725547), (588, 0.27605417274725547), (589, 0.27605417274725547), (590, 0.27605417274725547), (591, 0.27605417274725547), (592, 0.27605417274725547), (593, 0.27605417274725547)]
[(8, 0.04549269692997916), (9, 0.08616210155091002), (37, 0.08919649577687097), (92, 0.08331172631533983), (124, 0.08919649577687097), (131, 0.132277546552326), (154, 0.15134121521385976), (172, 0.15134121521385976), (188, 0.07808225376145403), (213, 0.36786154409066923), (298, 0.15134121521385976), (317, 0.16486710338380087), (320, 0.16486710338380087), (322, 0.1132138778907922), (388, 0.15134121521385976), (394, 0.15134121521385976), (414, 0.15134121521385976), (451, 0.18393077204533462), (508, 0.18393077204533462), (594, 0.18393077204533462), (595, 0.21652032887680953), (596, 0.21652032887680953), (597, 0.21652032887680953), (598, 0.21652032887680953), (599, 0.18393077204533462), (600, 0.21652032887680953), (601, 0.21652032887680953), (602, 0.21652032887680953), (603, 0.21652032887680953), (604, 0.21652032887680953), (605, 0.21652032887680953)]
[(31, 0.09466131075096208), (54, 0.15655382508692162), (92, 0.07911080598594858), (163, 0.10280124111792142), (190, 0.17465622506786305), (348, 0.17465622506786305), (371, 0.17465622506786305), (430, 0.15655382508692162), (606, 0.20560248223584285), (607, 0.20560248223584285), (608, 0.20560248223584285), (609, 0.20560248223584285), (610, 0.20560248223584285), (611, 0.20560248223584285), (612, 0.20560248223584285), (613, 0.20560248223584285), (614, 0.20560248223584285), (615, 0.20560248223584285), (616, 0.17465622506786305), (617, 0.20560248223584285), (618, 0.20560248223584285), (619, 0.4112049644716857), (620, 0.20560248223584285), (621, 0.20560248223584285), (622, 0.20560248223584285)]
[(2, 0.2269607461392784), (9, 0.2192397210966848), (27, 0.48816104961240797), (335, 0.2192397210966848), (448, 0.4195048300037785), (623, 0.4680123910451575), (624, 0.4680123910451575)]
[(475, 0.34064969860406513), (625, 0.4140046184558339), (626, 0.4873595383076027), (627, 0.4873595383076027), (628, 0.4873595383076027)]
[(15, 0.2345326235995718), (62, 0.20073208569154666), (74, 0.26833316150759695), (157, 0.18400369818455364), (234, 0.26833316150759695), (406, 0.3261155627151188), (433, 0.26833316150759695), (629, 0.38389796392264075), (630, 0.38389796392264075), (631, 0.38389796392264075), (632, 0.3261155627151188)]
[(2, 0.06309830973515698), (7, 0.07052007590092423), (8, 0.0321818952255273), (16, 0.08400586656363071), (17, 0.0996382118085622), (29, 0.0996382118085622), (92, 0.05893537706645039), (124, 0.06309830973515698), (152, 0.08008839664891648), (172, 0.10705997797432942), (187, 0.11662829872232171), (188, 0.055236006636226034), (244, 0.1992764236171244), (275, 0.13011408938502816), (293, 0.08844712765323744), (312, 0.10705997797432942), (403, 0.0996382118085622), (434, 0.11662829872232171), (436, 0.11662829872232171), (513, 0.13011408938502816), (632, 0.13011408938502816), (633, 0.1531682007957269), (634, 0.1531682007957269), (635, 0.1531682007957269), (636, 0.1531682007957269), (637, 0.1531682007957269), (638, 0.1531682007957269), (639, 0.1531682007957269), (640, 0.1531682007957269), (641, 0.1531682007957269), (642, 0.1531682007957269), (643, 0.1531682007957269), (644, 0.1531682007957269), (645, 0.1531682007957269), (646, 0.1531682007957269), (647, 0.1531682007957269), (648, 0.1531682007957269), (649, 0.1531682007957269), (650, 0.1531682007957269), (651, 0.1531682007957269), (652, 0.1531682007957269), (653, 0.1531682007957269), (654, 0.1531682007957269), (655, 0.1531682007957269), (656, 0.1531682007957269), (657, 0.1531682007957269), (658, 0.1531682007957269), (659, 0.1531682007957269), (660, 0.1531682007957269), (661, 0.1531682007957269), (662, 0.1531682007957269), (663, 0.1531682007957269), (664, 0.1531682007957269), (665, 0.1531682007957269)]
[(2, 0.10815906421155068), (8, 0.05516413493098373), (27, 0.11631756417959024), (37, 0.10815906421155068), (56, 0.18351532839493565), (139, 0.2230332033883553), (152, 0.13728237843626206), (234, 0.18351532839493565), (312, 0.18351532839493565), (448, 0.19991672840901856), (546, 0.2230332033883553), (623, 0.2230332033883553), (625, 0.2230332033883553), (666, 0.2230332033883553), (667, 0.262551078381775), (668, 0.262551078381775), (669, 0.262551078381775), (670, 0.262551078381775), (671, 0.262551078381775), (672, 0.262551078381775), (673, 0.262551078381775), (674, 0.262551078381775)]
[(27, 0.259224610203731), (214, 0.3806291554466712), (338, 0.49705042930206533), (376, 0.44553319492677457), (675, 0.5851197231658244)]
[(8, 0.07295461239915323), (146, 0.29496158918645454), (324, 0.14824242388937098), (335, 0.13817432569052132), (446, 0.5899231783729091), (494, 0.29496158918645454), (676, 0.3472240103517657), (677, 0.3472240103517657), (678, 0.26439003260785193), (679, 0.3472240103517657)]
[(7, 0.12746199547437728), (31, 0.12746199547437728), (55, 0.4216012389100127), (147, 0.21080061945500636), (214, 0.18009177018556718), (387, 0.23517560440019075), (428, 0.21080061945500636), (680, 0.2768449163905053), (681, 0.2768449163905053), (682, 0.2768449163905053), (683, 0.2768449163905053), (684, 0.5536898327810106)]
[(8, 0.07627286340791949), (37, 0.14954646785011924), (92, 0.1396800882416007), (155, 0.22177597550765588), (322, 0.18981390919813346), (345, 0.27641548875870847), (685, 0.3630170683192834), (686, 0.3630170683192834), (687, 0.3630170683192834), (688, 0.3630170683192834), (689, 0.3630170683192834), (690, 0.3630170683192834)]
[(9, 0.053677532949054176), (44, 0.07398027602436036), (53, 0.10270941881414249), (55, 0.3081282564424275), (56, 0.09428301909966652), (66, 0.10270941881414249), (106, 0.1145857621749727), (160, 0.10270941881414249), (298, 0.09428301909966652), (306, 0.07789149954654714), (337, 0.10270941881414249), (393, 0.09428301909966652), (691, 0.1348885052502789), (692, 0.1145857621749727), (693, 0.1348885052502789), (694, 0.1348885052502789), (695, 0.1348885052502789), (696, 0.1145857621749727), (697, 0.2697770105005578), (698, 0.6744425262513944), (699, 0.1348885052502789), (700, 0.1348885052502789), (701, 0.1348885052502789), (702, 0.1348885052502789), (703, 0.1348885052502789), (704, 0.1348885052502789), (705, 0.2697770105005578)]
[(9, 0.05561489164114246), (58, 0.11872145377894304), (142, 0.10641646297892877), (157, 0.06698602902387436), (158, 0.09091400795837183), (176, 0.11872145377894304), (202, 0.11872145377894304), (219, 0.11872145377894304), (318, 0.11872145377894304), (335, 0.05561489164114246), (370, 0.11872145377894304), (377, 0.10641646297892877), (393, 0.09768593306634285), (403, 0.09091400795837183), (536, 0.11872145377894304), (561, 0.10641646297892877), (562, 0.09091400795837183), (594, 0.35616436133682916), (599, 0.11872145377894304), (706, 0.13975697449154326), (707, 0.13975697449154326), (708, 0.11872145377894304), (709, 0.13975697449154326), (710, 0.13975697449154326), (711, 0.13975697449154326), (712, 0.11872145377894304), (713, 0.2795139489830865), (714, 0.13975697449154326), (715, 0.13975697449154326), (716, 0.13975697449154326), (717, 0.13975697449154326), (718, 0.13975697449154326), (719, 0.13975697449154326), (720, 0.11872145377894304), (721, 0.11872145377894304), (722, 0.13975697449154326), (723, 0.13975697449154326), (724, 0.13975697449154326), (725, 0.13975697449154326), (726, 0.13975697449154326), (727, 0.13975697449154326), (728, 0.13975697449154326), (729, 0.13975697449154326), (730, 0.13975697449154326), (731, 0.13975697449154326), (732, 0.13975697449154326), (733, 0.13975697449154326), (734, 0.13975697449154326), (735, 0.13975697449154326), (736, 0.13975697449154326), (737, 0.13975697449154326), (738, 0.13975697449154326)]
[(17, 0.14102769162074957), (26, 0.11335692903345625), (27, 0.19209168748736485), (64, 0.15153244206848082), (81, 0.16507542084422314), (108, 0.15153244206848082), (122, 0.16507542084422314), (147, 0.16507542084422314), (189, 0.18416317736173538), (234, 0.15153244206848082), (306, 0.25037571463822594), (376, 0.16507542084422314), (414, 0.15153244206848082), (469, 0.18416317736173538), (489, 0.16507542084422314), (570, 0.18416317736173538), (666, 0.18416317736173538), (739, 0.21679391265498998), (740, 0.21679391265498998), (741, 0.21679391265498998), (742, 0.21679391265498998), (743, 0.18416317736173538), (744, 0.21679391265498998), (745, 0.21679391265498998), (746, 0.21679391265498998), (747, 0.21679391265498998), (748, 0.21679391265498998), (749, 0.21679391265498998)]
[(0, 0.235642705572105), (8, 0.03805482215975295), (27, 0.16048268406448918), (36, 0.15385882333299766), (92, 0.13938118171503705), (154, 0.12659752925329523), (179, 0.1379119885752401), (188, 0.13063223247891076), (208, 0.11065069449553763), (293, 0.20917597859277529), (306, 0.10458798929638764), (317, 0.2758239771504802), (322, 0.09470385973778005), (345, 0.1379119885752401), (363, 0.12659752925329523), (368, 0.1178213527860525), (441, 0.12659752925329523), (461, 0.1379119885752401), (477, 0.15385882333299766), (562, 0.1178213527860525), (624, 0.15385882333299766), (750, 0.18112011741270012), (751, 0.18112011741270012), (752, 0.18112011741270012), (753, 0.18112011741270012), (754, 0.18112011741270012), (755, 0.18112011741270012), (756, 0.18112011741270012), (757, 0.18112011741270012), (758, 0.36224023482540024), (759, 0.18112011741270012), (760, 0.18112011741270012), (761, 0.18112011741270012), (762, 0.18112011741270012)]
[(2, 0.36540753558278366), (8, 0.18636801958882182), (26, 0.4637985355089676), (37, 0.36540753558278366), (152, 0.4637985355089676), (324, 0.37869637094568936), (335, 0.3529766602839523)]
[(9, 0.18199297223126104), (163, 0.22866885493442632), (220, 0.3482349388872307), (244, 0.2975050393438242), (374, 0.3885015254594547), (388, 0.3196653410500568), (496, 0.3482349388872307), (531, 0.3482349388872307), (763, 0.45733770986885264)]
[(9, 0.13036134470228458), (62, 0.17129008108145477), (92, 0.12604879032017646), (152, 0.17129008108145477), (155, 0.20013298807819224), (183, 0.20013298807819224), (324, 0.13986014857368084), (335, 0.13036134470228458), (337, 0.24944026326451482), (339, 0.2782831702612522), (363, 0.2289758950749297), (368, 0.21310249791010996), (764, 0.2782831702612522), (765, 0.3275904454475748), (766, 0.2782831702612522), (767, 0.3275904454475748), (768, 0.3275904454475748), (769, 0.2782831702612522)]
[(174, 0.2503941554793681), (299, 0.2351550593017426), (302, 0.2351550593017426), (770, 0.38491680639781), (771, 0.38491680639781), (772, 0.38491680639781), (773, 0.38491680639781), (774, 0.2930908115822058), (775, 0.38491680639781)]
[(8, 0.04051375816888426), (31, 0.08877765840326124), (63, 0.14682325751705677), (80, 0.14682325751705677), (86, 0.1638005069237885), (116, 0.11780045796015898), (124, 0.07943440383361136), (132, 0.14682325751705677), (135, 0.13477770736689074), (141, 0.14682325751705677), (170, 0.1638005069237885), (171, 0.14682325751705677), (186, 0.14682325751705677), (205, 0.14682325751705677), (214, 0.2508689055944818), (356, 0.29364651503411354), (357, 0.1254344527972409), (377, 0.14682325751705677), (427, 0.14682325751705677), (433, 0.13477770736689074), (436, 0.14682325751705677), (464, 0.1638005069237885), (776, 0.19282330648068627), (777, 0.19282330648068627), (778, 0.19282330648068627), (779, 0.19282330648068627), (780, 0.19282330648068627), (781, 0.19282330648068627), (782, 0.19282330648068627), (783, 0.19282330648068627), (784, 0.19282330648068627), (785, 0.19282330648068627), (786, 0.1638005069237885), (787, 0.19282330648068627), (788, 0.19282330648068627)]
[(6, 0.2348979879720593), (21, 0.1932778651210135), (92, 0.10639740522118128), (101, 0.1932778651210135), (131, 0.168931653977744), (298, 0.1932778651210135), (316, 0.1932778651210135), (428, 0.21055177682878987), (764, 0.2348979879720593), (774, 0.21055177682878987), (789, 0.2765181108231052), (790, 0.2765181108231052), (791, 0.2765181108231052), (792, 0.2765181108231052), (793, 0.2765181108231052), (794, 0.2765181108231052), (795, 0.2765181108231052), (796, 0.2765181108231052)]
[(2, 0.24268091670759923), (10, 0.19160808492572892), (16, 0.16154648826606513), (154, 0.20588042458314362), (192, 0.25021436090022214), (293, 0.1700872028833619), (434, 0.22428067064537147), (797, 0.29454829721730075), (798, 0.29454829721730075), (799, 0.29454829721730075), (800, 0.29454829721730075), (801, 0.29454829721730075), (802, 0.29454829721730075), (803, 0.29454829721730075), (804, 0.29454829721730075)]
[(29, 0.10823283450496975), (33, 0.12668845742095594), (121, 0.14133750945101198), (122, 0.12668845742095594), (136, 0.10823283450496975), (188, 0.06000057062907191), (208, 0.10164573756798008), (302, 0.10164573756798008), (316, 0.11629478959803616), (393, 0.11629478959803616), (396, 0.10823283450496975), (441, 0.11629478959803616), (480, 0.14133750945101198), (489, 0.12668845742095594), (692, 0.14133750945101198), (720, 0.14133750945101198), (766, 0.14133750945101198), (769, 0.14133750945101198), (805, 0.14133750945101198), (806, 0.16638022930398783), (807, 0.16638022930398783), (808, 0.16638022930398783), (809, 0.16638022930398783), (810, 0.16638022930398783), (811, 0.16638022930398783), (812, 0.16638022930398783), (813, 0.16638022930398783), (814, 0.16638022930398783), (815, 0.33276045860797565), (816, 0.16638022930398783), (817, 0.16638022930398783), (818, 0.16638022930398783), (819, 0.16638022930398783), (820, 0.16638022930398783), (821, 0.16638022930398783), (822, 0.16638022930398783), (823, 0.14133750945101198), (824, 0.16638022930398783), (825, 0.16638022930398783), (826, 0.16638022930398783), (827, 0.16638022930398783), (828, 0.16638022930398783)]
[(7, 0.09848833883218797), (8, 0.08989047050053346), (44, 0.1173225942302481), (64, 0.14951996649742894), (124, 0.08812310011783522), (135, 0.29903993299485787), (136, 0.13915472778307622), (152, 0.1118514557013087), (172, 0.14951996649742894), (188, 0.0771426075174476), (220, 0.16288308336654972), (232, 0.18171733876460983), (269, 0.16288308336654972), (359, 0.18171733876460983), (379, 0.14951996649742894), (396, 0.13915472778307622), (423, 0.18171733876460983), (433, 0.14951996649742894), (460, 0.14951996649742894), (678, 0.16288308336654972), (786, 0.18171733876460983), (805, 0.18171733876460983), (829, 0.21391471103179072), (830, 0.21391471103179072), (831, 0.21391471103179072), (832, 0.21391471103179072), (833, 0.21391471103179072), (834, 0.21391471103179072), (835, 0.21391471103179072), (836, 0.21391471103179072), (837, 0.21391471103179072), (838, 0.21391471103179072)]
[(15, 0.19284522416306055), (17, 0.20534245440400417), (27, 0.27969385392293344), (39, 0.24035699434889837), (157, 0.15129764839801657), (174, 0.20534245440400417), (322, 0.165052620261464), (335, 0.1256142876929815), (394, 0.2206378280646571), (459, 0.2681495982504949), (461, 0.24035699434889837), (839, 0.31566136843633275), (840, 0.31566136843633275), (841, 0.31566136843633275), (842, 0.31566136843633275), (843, 0.31566136843633275)]
[(10, 0.10319653616128338), (92, 0.18312031077902727), (116, 0.09691595051123537), (124, 0.06535170477377467), (131, 0.09691595051123537), (136, 0.20639307232256676), (188, 0.05720861959257238), (244, 0.20639307232256676), (248, 0.13476078189874408), (280, 0.13476078189874408), (295, 0.12079338065250962), (301, 0.10319653616128338), (316, 0.11088335175746986), (357, 0.10319653616128338), (364, 0.12079338065250962), (403, 0.10319653616128338), (455, 0.13476078189874408), (518, 0.13476078189874408), (678, 0.12079338065250962), (708, 0.13476078189874408), (823, 0.13476078189874408), (844, 0.15863821204001832), (845, 0.13476078189874408), (846, 0.15863821204001832), (847, 0.15863821204001832), (848, 0.15863821204001832), (849, 0.15863821204001832), (850, 0.15863821204001832), (851, 0.15863821204001832), (852, 0.15863821204001832), (853, 0.15863821204001832), (854, 0.15863821204001832), (855, 0.15863821204001832), (856, 0.15863821204001832), (857, 0.15863821204001832), (858, 0.15863821204001832), (859, 0.15863821204001832), (860, 0.15863821204001832), (861, 0.15863821204001832), (862, 0.15863821204001832), (863, 0.15863821204001832), (864, 0.31727642408003665), (865, 0.15863821204001832), (866, 0.15863821204001832)]
[(188, 0.18957579380678624), (379, 0.36744112301756476), (867, 0.5256894011733918), (868, 0.5256894011733918), (869, 0.5256894011733918)]
[(324, 0.3948109867177366), (335, 0.18399841433260614), (392, 0.3231878415368778), (430, 0.3520722574333357), (712, 0.39278255513901367), (870, 0.4623772687411496), (871, 0.4623772687411496)]
[(62, 0.17747284450649672), (66, 0.2584438793916582), (132, 0.2584438793916582), (152, 0.17747284450649672), (214, 0.22079449222493056), (312, 0.237240844103778), (324, 0.1449084397868252), (335, 0.1350667739307365), (696, 0.2883278791902988), (872, 0.3394149142768196), (873, 0.3394149142768196), (874, 0.3394149142768196), (875, 0.3394149142768196), (876, 0.3394149142768196)]
[(2, 0.16098276213736132), (9, 0.07775312795876689), (37, 0.08049138106868066), (98, 0.1487769304003998), (163, 0.0976945346840548), (169, 0.16598008401577388), (208, 0.1193679450480641), (330, 0.1487769304003998), (512, 0.4979402520473217), (531, 0.1487769304003998), (721, 0.16598008401577388), (743, 0.33196016803154776), (877, 0.1953890693681096), (878, 0.1953890693681096), (879, 0.1953890693681096), (880, 0.1953890693681096), (881, 0.1953890693681096), (882, 0.1953890693681096), (883, 0.1953890693681096), (884, 0.1953890693681096), (885, 0.1953890693681096), (886, 0.1953890693681096), (887, 0.1953890693681096), (888, 0.1953890693681096)]
[(142, 0.4000863435596867), (187, 0.4000863435596867), (301, 0.3418028752715024), (324, 0.2243267976077332), (335, 0.2090913193438752), (379, 0.36726279641025167), (380, 0.4463485349434399), (414, 0.36726279641025167)]
[(157, 0.13836076858740512), (158, 0.1877844111642826), (199, 0.24522115778521744), (295, 0.2198049925137378), (389, 0.24522115778521744), (427, 0.2198049925137378), (432, 0.24522115778521744), (452, 0.24522115778521744), (774, 0.2198049925137378), (845, 0.24522115778521744), (889, 0.2886703792996667), (890, 0.2886703792996667), (891, 0.2886703792996667), (892, 0.2886703792996667), (893, 0.2886703792996667), (894, 0.2886703792996667)]
[(62, 0.33977131197153493), (183, 0.3969841540081628), (616, 0.5520029955167131), (895, 0.6498089949886356)]
[(92, 0.0835773901784972), (101, 0.15182381104600545), (155, 0.1326993522882083), (157, 0.1041099152560276), (364, 0.16539283047564776), (382, 0.16539283047564776), (383, 0.16539283047564776), (485, 0.5535518677003346), (487, 0.18451728923344485), (896, 0.4344215348417686), (897, 0.2172107674208843), (898, 0.2172107674208843), (899, 0.2172107674208843), (900, 0.2172107674208843), (901, 0.2172107674208843), (902, 0.2172107674208843), (903, 0.2172107674208843)]
